%YAML:1.0
---
K: !!opencv-matrix
   rows: 3
   cols: 3
   dt: d
   data: [ 2.6568639140288900e+02, 0., 256., 0., 2.6568639140288900e+02,
       256., 0., 0., 1. ]
D: !!opencv-matrix
   rows: 1
   cols: 4
   dt: d
   data: [ -2.7981108449068185e-04, -1.2009928808041372e-03,
       -1.8419088710213308e-03, 5.2860154866092612e-04 ]
