%YAML:1.0
---
K: !!opencv-matrix
   rows: 3
   cols: 3
   dt: d
   data: [ 162.97, 0., 256, 0.,
       162.97, 256, 0., 0., 1. ]
D: [ 0, 0,
    0, 0 ]
